[80754.141202] [Project1] 19106 1587981127.219802900 1587981128.270114408
[80756.174963] [Project1] 19107 1587981129.294466678 1587981130.303655390
[80758.167825] [Project1] 19108 1587981131.305773250 1587981132.296378962
[80760.195734] [Project1] 19109 1587981133.306725023 1587981134.324273621
[80762.219911] [Project1] 19110 1587981135.365569700 1587981136.348436577
[80764.245012] [Project1] 19111 1587981137.366400293 1587981138.373524558
[80766.284145] [Project1] 19112 1587981139.387177948 1587981140.412645452
[80768.313825] [Project1] 19113 1587981141.407662773 1587981142.442314597
[80770.308417] [Project1] 19116 1587981143.437136894 1587981144.436898102
[80772.270164] [Project1] 19117 1587981145.416404919 1587981146.398636474
