[70837.305603] [Project1] 15029 1587925075.485623894 1587925076.462235150
[70839.243381] [Project1] 15030 1587925077.433568149 1587925078.399970059
[70841.196826] [Project1] 15031 1587925079.379733521 1587925080.353371089
[70843.151210] [Project1] 15032 1587925081.331432316 1587925082.307712933
[70845.096357] [Project1] 15033 1587925083.274935790 1587925084.252815504
[70847.049316] [Project1] 15034 1587925085.226045874 1587925086.205732188
[70849.012343] [Project1] 15035 1587925087.183049457 1587925088.168714658
[70850.941837] [Project1] 15036 1587925089.138562698 1587925090.098166849
[70852.873392] [Project1] 15037 1587925091.059247290 1587925092.029678853
[70854.810299] [Project1] 15038 1587925092.993708166 1587925093.966542381
